rot:
  max: 149.74315146496684
  mean: 125.96800343026102
  median: 137.06821780751864
  min: 45.69442201513948
  num_samples: 2931
  rmse: 128.62447880081348
  std: 26.006127327510132
scale:
  max: 4.9838826595025365
  mean: 0.753393442479088
  median: 0.4088288737519541
  min: 0.0001874484617636618
  num_samples: 2931
  rmse: 1.1537256829807756
  std: 0.8737741541147611
trans:
  max: 0.2102946967258553
  mean: 0.06921747145969646
  median: 0.0630869796868822
  min: 0.0048716767324975775
  num_samples: 2931
  rmse: 0.07761654461667929
  std: 0.035117939047715666
