rot:
  max: 148.81105909560455
  mean: 124.79587150041574
  median: 136.0474111336572
  min: 46.07280010878491
  num_samples: 2830
  rmse: 127.42737430554527
  std: 25.762883744978257
scale:
  max: 4.790379702248404
  mean: 0.8009765491559804
  median: 0.49717350166315066
  min: 0.00011387829426112717
  num_samples: 2830
  rmse: 1.1683506231181564
  std: 0.8505761260714775
trans:
  max: 0.2793894943505018
  mean: 0.07089442843472986
  median: 0.06344428306203959
  min: 0.0076897101027008
  num_samples: 2830
  rmse: 0.08326015019759975
  std: 0.043660424045579724
